1.935
0.552
0.291
0.18
0
0
0
0
5.482
0.51
0.398
0.092
0.045
0
0
0
6.762
1.474
0.45
0.051
0
0
0
0
7.112
2.22
0.429
0
0
0
0
0
6.543
1.112
0.421
0.124
0
0
0
0
2.766
0.958
0.432
0.113
0.072
0
0
0
3.38
2.049
1.018
0.502
0.14
0
0
0
5.733
2.415
1.024
0.689
0.144
0
0
0
7.643
2.514
1.198
0.421
0.199
0
0
0
8.286
3.053
1.393
0.42
0.153
0.048
0
0
7.986
2.463
0.69
0.216
0.052
0
0
0
2.029
0.331
0
0
0
0
0
0
2.501
2.089
1.274
0.563
0.24
0.049
0
0
7.829
3.73
1.789
0.843
0.299
0
0
0
8.578
3.728
1.797
0.734
0.253
0.049
0
0
9.068
4.101
1.871
0.642
0.306
0.048
0
0
8.893
3.719
1.374
0.486
0.103
0
0
0
2.192
1.277
0.401
0.164
0.101
0
0
0
1.498
1.635
0.899
0.428
0.196
0.048
0
0
8.488
4.155
1.714
0.64
0.253
0
0
0
8.726
4.289
1.994
0.858
0.253
0
0
0
8.509
4.504
2.155
0.806
0.253
0
0
0
8.431
4.674
1.712
0.75
0.102
0
0
0
3.222
2.265
1.007
0.426
0.151
0.048
0
0
0.776
0.818
0.455
0.16
0.102
0
0
0
7.731
3.341
1.209
0.432
0.358
0
0
0
8.346
4.337
1.8
0.742
0.154
0
0
0
8.172
4.073
1.855
0.852
0.353
0.048
0
0
7.656
3.79
1.834
0.845
0.302
0
0
0
3.987
2.812
1.328
0.574
0.25
0
0
0
0.982
0.261
0.035
0
0
0
0
0
6.813
2.251
0.744
0.324
0
0
0
0
7.384
3.038
1.291
0.481
0
0
0
0
7.013
3.166
1.409
0.47
0.152
0.048
0
0
5.507
2.837
1.177
0.462
0.096
0
0
0
4.35
2.264
0.799
0.256
0.146
0
0
0
1.281
0.221
0
0
0
0
0.041
0
9.324
3.246
1.431
0.648
0.254
0.215
0.122
0.079
9.663
4.73
2.368
1.121
0.48
0.365
0.239
0.114
9.129
4.362
2.319
1.244
0.674
0.453
0.24
0.186
7.192
3.917
1.988
1.294
0.631
0.453
0.35
0.194
5.258
3.397
1.927
1.054
0.473
0.416
0.278
0.156
1.05
1.326
0.886
0.57
0.414
0.243
0.146
0.121
10.92
4.811
2.329
1.215
0.856
0.509
0.422
0.244
11.73
6.454
3.313
1.718
1.016
0.632
0.454
0.222
11.368
6.421
3.317
1.863
1.074
0.705
0.466
0.298
10.627
6.242
3.406
1.955
1.264
0.815
0.486
0.367
4.767
4.622
2.419
1.548
0.938
0.47
0.385
0.257
2.047
2.385
1.416
0.992
0.633
0.394
0.434
0.239
11.924
6.11
3.057
1.743
1.045
0.662
0.58
0.324
12.631
7.107
3.818
2.161
1.27
0.803
0.573
0.355
12.58
7.225
3.771
2.093
1.351
0.725
0.479
0.31
12.136
7.222
3.633
1.87
1.01
0.58
0.394
0.303
4.338
3.684
1.988
1.206
0.759
0.505
0.275
0.189
3.377
3.177
2.209
1.363
0.779
0.544
0.46
0.309
11.376
5.999
3.184
1.897
1.268
0.708
0.501
0.323
12.714
6.514
3.413
1.967
1.247
0.726
0.407
0.254
12.758
6.76
3.426
1.79
1.003
0.626
0.402
0.269
12.71
6.582
2.451
1.22
0.706
0.419
0.257
0.159
3.517
2.888
1.279
0.669
0.315
0.16
0.161
0.111
4.124
3.273
1.618
1.006
0.552
0.344
0.306
0.14
9.425
3.808
1.839
1.111
0.759
0.393
0.269
0.148
11.606
5.015
2.416
1.236
0.701
0.419
0.235
0.186
11.769
5.792
2.079
0.967
0.514
0.335
0.208
0.123
11.655
4.533
1.275
0.627
0.362
0.26
0.119
0
3.312
1.392
0.022
0.054
0.051
0
0
0
3.056
1.337
0.386
0.244
0.086
0.038
0.032
0
8.482
2.484
0.459
0.254
0.115
0
0
0
9.476
3.183
0.59
0.122
0
0
0
0
9.664
3.882
0.413
0
0
0
0
0
9.526
2.587
0.384
0.08
0
0
0
0
3.596
1.842
0.464
0.159
0
0
0
0
1.609
0.214
0
0
0
0
0
0
9.997
3.463
1.407
0.677
0.313
0.216
0.113
0.083
10.768
4.608
2.12
0.926
0.715
0.298
0.209
0.114
10.037
4.621
2.377
1.325
0.703
0.394
0.208
0.185
8.202
4.357
2.224
1.151
0.805
0.373
0.217
0.14
5.536
3.949
2.022
1.169
0.71
0.402
0.407
0.216
1.666
1.064
0.894
0.616
0.485
0.223
0.153
0.157
12.291
4.898
2.231
1.071
0.728
0.496
0.274
0.183
13.143
6.847
3.275
1.837
0.954
0.702
0.338
0.219
12.701
7.094
3.771
2.02
1.216
0.746
0.465
0.357
11.989
6.994
3.673
2.079
1.182
0.726
0.569
0.391
5.512
5.065
2.906
1.683
1.022
0.706
0.331
0.339
2.69
2.51
1.648
1.136
0.656
0.402
0.361
0.227
13.731
6.523
3.196
1.877
0.973
0.595
0.432
0.316
14.985
8.031
4.208
2.247
1.352
0.892
0.581
0.402
14.41
8.343
4.483
2.515
1.52
0.986
0.629
0.337
13.82
8.266
4.121
2.336
1.216
0.786
0.557
0.305
5.081
4.748
2.913
1.523
0.751
0.439
0.45
0.302
3.935
3.44
2.231
1.297
0.887
0.654
0.502
0.281
14.154
6.873
3.76
2.127
1.225
0.792
0.526
0.388
15.413
8.624
4.223
2.278
1.255
0.875
0.562
0.333
15.464
9.226
4.953
2.255
1.139
0.661
0.49
0.32
14.989
8.077
3.784
2.01
0.979
0.402
0.357
0.226
4.85
4.265
2.368
1.13
0.72
0.343
0.156
0.158
4.504
3.61
2.195
1.392
0.711
0.509
0.339
0.15
13.336
6.54
2.904
1.497
0.811
0.306
0.32
0.183
15.288
8.26
3.819
1.862
0.828
0.456
0.34
0.148
15.332
8.942
3.669
1.708
0.686
0.325
0.242
0.173
14.833
7.36
3.059
1.351
0.562
0.202
0.199
0.044
4.866
3.736
1.977
0.813
0.138
0
0.045
0.042
4.361
3.491
1.959
1.107
0.267
0.068
0.071
0
13.031
5.984
2.608
1.264
0.488
0.079
0
0
14.226
7.93
3.259
1.322
0.357
0
0
0
14.365
7.925
3.153
1.009
0.403
0
0
0
13.684
6.446
2.696
0.96
0.244
0
0
0
4.946
3.72
1.903
0.855
0.23
0
0
0